中国传统决策学密训班-第5课-补充资料
～’￥~
奇门命盘流年宫位查询表

--- PAGE BREAK ---
<”流年-命学中最重要的颗粒度
• 往事如烟，似水流年
• 似水流动，年复一年
• 人生最重大的事往往都是以年为
维度，尤其是关键年份的重要性
•与大运运势相叠加，共同构成最
重要的人生走势图
As time goes by
中国传统决策学密训班

--- PAGE BREAK ---
流年
坎
落宫
1
方位
10
19
28
37
虚岁
46
年龄
55
64
73
82
91
流年落宫查询表1
顺行--命宫在坎1宫
宫
11
20
29
38
47
56
65
74
83
92
震
3
宫
12
21
30
39
48
57
66
75
84
93
4
13
22
31
40
49
58
67
76
85
94
14
23
32
41
50
59
68
77
86
95
乾
兑
7
宫
15
24
33
42
51
60
69
78
87
96
16
25
34
43
52
61
70
79
88
97
8
17
26
35
44
53
62
71
80
89
98
离
g
18
27
36
45
54
63
72
81
90
99
顺行--命宫在坤2宫
流年坤
落宫
2
方位
宫
10
19
28
37
虚岁
46
年龄
55
64
73
82
91
震
3
宫
11
20
29
38
47
56
65
74
83
92
12
21
30
39
48
57
66
75
84
93
中
13
22
31
40
49
58
67
76
85
94
乾
6
宫
14
23
32
41
50
59
68
77
86
95
7
15
24
33
42
51
60
69
78
87
96
8
玉
16
25
34
43
52
61
70
79
88
97
17
18
26
27
35
36
44
45
53
54
62
63
71
72
80
81
89
90
98
99
传统决策学密训班

--- PAGE BREAK ---
流年
落宫
方位
宫
10
19
28
37
虚岁
46
年龄
55
64
73
82
91
流年落宫查询表2
顺行--命宫在震3宫
巽
11
20
29
38
47
56
65
74
83
92
中
宫
5
12
21
30
39
48
57
66
75
84
93
乾
4
13
22
31
40
49
58
67
76
85
94
7
5
14
23
32
41
50
59
68
77
86
95
8
15
24
33
42
51
60
69
78
87
96
16
25
34
43
52
61
70
79
88
97
17
26
35
44
53
62
71
80
89
98
18
27
36
45
54
63
72
81
90
99
流年
落宫
4
方位
宫
顺行--命宫在巽4宫
坎
1
宫
10
19
28
37
虚岁
46
年龄
55
64
73
82
91
11
20
29
38
47
56
65
74
83
92
乾
6
宫
3
12
21
30
39
48
57
66
75
84
93
13
22
31
40
49
58
67
76
85
94
14
23
32
41
50
59
68
77
86
95
15
24
33
42
51
60
69
78
87
96
17
25
26
27
34
35
36
43
44
45
52
53
54
61
62
63
70
71
72
79
80
81
88
89
90
97
98
99
传统决策学密训

--- PAGE BREAK ---
顺行--命宫在乾6宫
流年
乾
落宫
方位
流年落宫查询表3
顺行--命宫在兑7宫
坤
流年
兑
落宫
方位
10
19
28
37
虚岁
46
年龄
55
64
73
82
91
11
20
29
38
47
56
65
74
83
92
12
21
30
39
48
57
66
75
84
93
13
22
31
40
49
58
67
76
85
94
14
23
32
41
50
59
68
77
86
95
15
24
33
42
51
60
69
78
87
96
16
25
34
43
52
61
70
79
88
97
17
26
35
44
53
62
71
80
89
98
18
27
36
45
54
63
72
81
90
99
虛岁
年龄
10
19
28
37
46
55
64
73
82
91
宫
11
20
29
38
47
56
65
74
83
92
3
12
21
30
39
48
57
66
75
84
93
13
22
31
40
49
58
67
76
85
94
14
23
32
41
50
59
68
77
86
95
15
24
33
42
51
60
69
78
87
96
16
25
34
43
52
61
70
79
88
97
17
26
35
44
53
62
71
80
89
98
18
27
36
45
54
63
72
81
90
99
密训班

--- PAGE BREAK ---
流年落宫查询表4
顺行--命宫在艮8宫
巽
流年
方位
流年
落宫
方位
顺行--命宫在离9宫
坎
乾
6
兑
虚岁
年龄
10
19
28
37
46
55
64
73
82
91
11
20
29
38
47
56
65
74
83
92
12
21
30
39
48
57
66
75
84
93
13
22
31
40
49
58
67
76
85
94
14
23
32
41
50
59
68
77
86
95
15
24
33
42
51
60
69
78
87
96
16
25
34
43
52
61
70
79
88
97
17
26
35
44
53
62
71
80
89
98
9
18
27
36
45
54
63
72
81
90
99
虚岁
年龄
10
19
28
37
46
55
64
73
82
91
11
20
29
38
47
56
65
74
83
92
3
12
21
30
39
48
57
66
75
84
93
13
14
22
23
31
32
40
41
49
50
58
59
67
68
76
77
85
86
94
95
中
15
24
33
42
51
60
69
78
87
96
16
17
18
25
26
27
34
35
36
43
44
45
52
53
54
61
62
63
70
71
72
79
80
81
88
89
90
97
98
99
传统决策学密训

--- PAGE BREAK ---
流年落宫查询表5
逆行--命宫在坎1宫
逆行-命宫在坤2宫
流年
落宫
方位
宫
10
19
28
37
虚岁
46
年龄
55
64
73
82
91
2
11
20
29
38
47
56
65
74
83
92
8
12
21
30
39
48
57
66
75
84
93
6
13
22
31
40
49
58
67
76
85
94
14
23
32
41
50
59
68
77
86
95
5
15
24
33
42
51
60
69
78
87
96
16
25
34
43
52
61
70
79
88
97
17
26
35
44
53
62
71
80
89
98
18
27
36
45
54
63
72
81
90
99
虚岁
年龄
10
19
28
37
46
55
64
73
82
91
2
11
20
29
38
47
56
65
74
83
92
3
12
21
30
39
48
57
66
75
84
93
宫
13
22
31
40
49
58
67
76
85
94
宫
14
23
32
41
50
59
68
77
86
95
5
宫
9
15
24
33
42
51
60
69
78
87
96
16
17
18
25
26
27
34
35
36
43
44
45
52
53
54
61
62
63
70
71
72
79
80
81
88
89
90
97
98
99
传统决策学密训：

--- PAGE BREAK ---
流年落宫查询表6
逆行--命宫在震3宫
离
流年
落宫
方位
虚岁
年龄
10
19
28
37
46
55
64
73
82
91
11
20
29
38
47
56
65
74
83
92
宫
12
21
30
39
48
57
66
75
84
93
13
22
31
40
49
58
67
76
85
94
8
14
23
32
41
50
59
68
77
86
95
乾
6
流年
落宫
方位
15
24
33
42
51
60
69
78
87
96
16
25
34
43
52
61
70
79
88
97
17
26
35
44
53
62
71
80
89
98
18
27
36
45
54
63
72
81
90
99
虚岁
年龄
逆行--命宫在巽4宫
10
19
28
37
46
55
64
73
82
91
11
20
29
38
47
56
65
74
83
92
坎
1
宫
3
12
21
30
39
48
57
66
75
84
93
13
14
22
23
31
32
40
41
49
50
58
59
67
68
76
77
85
86
94
95
15
24
33
42
51
60
69
78
87
96
16
25
34
43
52
61
70
79
88
97
乾
17
26
35
44
53
62
71
80
89
98
18
27
36
45
54
63
72
81
90
99
中国传统决策学密训班

--- PAGE BREAK ---
流年落宫查询表7
（）
逆行--命宫在乾6宫
坎
流年
落宫
方位
10
19
28
37
虚岁
46
年龄
55
64
73
82
91
11
20
29
38
47
56
65
74
83
92
12
21
30
39
48
57
66
75
84
93
13
22
31
40
49
58
67
76
85
94
14
23
32
41
50
59
68
77
86
95
15
24
33
42
51
60
69
78
87
96
16
25
34
43
52
61
70
79
88
97
17
26
35
44
53
62
71
80
89
98
逆行--命宫在兑7宫
18
27
36
45
54
63
72
81
90
99
10
19
28
37
虚岁
46
年龄
55
64
73
82
91
11
20
29
38
47
56
65
74
83
92
12
21
30
39
48
57
66
75
84
93
震坤坎
3
2
1
宫
宫
宫
4
13
14
22
23
31
32
40
41
49
50
58
59
67
68
76
77
85
86
94
95
15
16
24
25
33
34
42
43
51
52
60
61
69
70
78
79
87
88
96
97
17
26
35
44
53
62
71
80
89
98
18
27
36
45
54
63
72
81
90
99
中国传统决策学密训班

--- PAGE BREAK ---
流年落宫查询表8
流年
落宫
方位
虚岁
年龄
逆行--命宫在艮8宫
艮8宫
10
19
28
37
46
55
64
73
82
91
宫
2
11
20
29
38
47
56
65
74
83
92
12
21
30
39
48
57
66
75
84
93
13
22
31
40
49
58
67
76
85
94
震
③
宫
14
23
32
41
50
59
68
77
86
95
15
24
33
42
51
60
69
78
87
96
7
16
25
34
43
52
61
70
79
88
97
17
26
35
44
53
62
71
80
89
98
逆行--命宫在离9宫
流年
落宫
方位
18
27
36
45
54
63
72
81
90
99
虚岁
年龄
10
19
28
37
46
55
64
73
82
91
宫
2
11
20
29
38
47
56
65
74
83
92
3
12
21
30
39
48
57
66
75
84
93
4
13
22
31
40
49
58
67
76
85
94
14
23
32
41
50
59
68
77
86
95
15
24
33
42
51
60
69
78
87
96
16
17
18
25
26
27
34
35
36
43
44
45
52
53
54
61
62
63
70
71
72
79
80
81
88
89
90
97
98
99
传统决策学密训】

--- PAGE BREAK ---
流年宫位的分析维度
1.天地人神的四维影响
阳历
阴历
丁
2.地盘干对天盘干的影响
3.天盘干十二长生的影响
4.四害的影响
5.流年落宫与本宫五行的生克关系
6.流年落宫与大运落宫的生克关系
1967-09-13 10:00:00
丁未年 八月初十
庚
白虎
六合
太阴〇
戊芮窝 壬丙壬 天柱庾庚天心辛
4 景门癸
9 死门 戊 2 惊门 王丙
玄武
腭蛇◎
己 天英
丁 天速乙
3 杜门丁
壬
九地
九天
值符
癸 天辅 癸
辛 天冲丁丙天任己
8 伤门
己
1 生门乙6休门辛
中国传统决策学密训到

